68 5B 00 C3 05 76 98 78 56 34 12 00 B4 7A
89 07 00
F2 01 02 01
01 3D
FE FE FE FE 68 3B 00 C3 05 40 78 03 08 02 00 00 23 D3 85 03 03 50 04 02 00 01 00 00 10 02 00 01 01 01 05 06 00 00 00 00 06 00 00 00 00 06 00 00 00 00 06 00 00 00 00 06 00 00 00 00 00 00 47 BC 16

1122
68 1F 00 C3 05 01 00 00 00 00 00 10 5B 8E 87 01 60 14 7F 00 00 00 60 12 7F 00 00 00 00 00 6C CE 16


1128
68 61 00 43 05 01 00 00 00 00 00 10 9B 5D 07 01 0A 60 1C 7F 00 01 02 02 05 11 01 01 01 51 45 10 00 00 54 00 00 14 11 03 02 02 11 00 51 40 00 02 00 02 05 11 02 01 01 51 45 10 00 00 54 00 00 14 11 03 02 02 11 01 02 03 51 60 12 03 00 60 01 01 50 04 02 00 02 00 10 02 00 00 20 02 00 5A 00 00 58 66 16
